10
N1   3.25000 0.1700  -0.688129  -0.233750  -1.786871   0.000000
H1   1.06908 0.0157   0.368950  -1.162245  -1.389383   0.000000
C1   3.39967 0.1094   0.076420   0.722131  -0.697884   0.000000
H2   1.06908 0.0157   0.427553  -0.087583  -2.270255   0.874686
H3   1.06908 0.0157   0.427553  -0.087583  -2.270255  -0.874686
C2   3.39967 0.0860   0.687772   0.000000   0.641898   0.000000
H4   1.95998 0.0157   0.069423   1.348254  -0.763340   0.889823
H5   1.95998 0.0157   0.069423   1.348254  -0.763340  -0.889823
O1   2.95992 0.2100  -0.662482  -1.257862   0.678697   0.000000
O2   2.95992 0.2100  -0.776483   0.750909   1.858876   0.000000
